Hydrogen	H	1	13	5	1.0079	-259	-253	0.09	1776	13.5984	7	0
Helium	He	2	64	5	4.0026	-272	-269	0.18	1895	24.5874	9	0
Lithium	Li	3	13	7	6.941	180	1347	0.53	1817	5.3917	0	2
Beryllium	Be	4	16	7	9.0122	1278	2970	1.85	1797	9.3227	1	2
Boron	B	5	49	7	10.811	2300	2550	2.34	1808	8.298	10	2
Carbon	C	6	52	7	12.0107	3500	4827	2.26	0	11.2603	7	2
Nitrogen	N	7	55	7	14.0067	-210	-196	1.25	1772	14.5341	7	0
Oxygen	O	8	58	7	15.9994	-218	-183	1.43	1774	13.6181	7	0
Fluorine	F	9	61	7	18.9984	-220	-188	1.7	1886	17.4228	8	0
Neon	Ne	10	64	7	20.1797	-249	-246	0.9	1898	21.5645	9	0
Sodium	Na	11	13	9	22.9897	98	883	0.97	1807	5.1391	0	2
Magnesium	Mg	12	16	9	24.305	639	1090	1.74	1755	7.6462	1	2
Aluminium	Al	13	49	9	26.9815	660	2467	2.7	1825	5.9858	5	2
Silicon	Si	14	52	9	28.0855	1410	2355	2.33	1824	8.1517	10	2
Phosphorus	P	15	55	9	30.9738	44	280	1.82	1669	10.4867	7	2
Sulphur	S	16	58	9	32.065	113	445	2.07	0	10.36	7	2
Chlorine	Cl	17	61	9	35.453	-10	-35	3.32	1774	12.9676	8	0
Argon	Ar	18	64	9	39.948	-189	-186	1.78	1894	15.7596	9	0
Potassium	K	19	13	11	39.0983	64	774	0.86	1807	4.3407	0	2
Calcium	Ca	20	16	11	40.078	839	1484	1.55	1808	6.1132	1	2
Scandium	Sc	21	19	11	44.9559	1539	2832	2.99	1879	6.5615	4	2
Titanium	Ti	22	22	11	47.867	1660	3287	4.54	1791	6.8281	4	2
Vanadium	V	23	25	11	50.9415	1890	3380	6.11	1830	6.7462	4	2
Chromium	Cr	24	28	11	51.9961	1857	2672	7.19	1797	6.7665	4	2
Manganese	Mn	25	31	11	54.938	1245	1962	7.43	1774	7.434	4	2
Iron	Fe	26	34	11	55.845	1535	2750	7.87	0	7.9024	4	2
Cobalt	Co	27	37	11	58.9332	1495	2870	8.9	1735	7.881	4	2
Nickel	Ni	28	40	11	58.6934	1453	2732	8.9	1751	7.6398	4	2
Copper	Cu	29	43	11	63.546	1083	2567	8.96	0	7.7264	4	2
Zinc	Zn	30	46	11	65.39	420	907	7.13	0	9.3942	4	2
Gallium	Ga	31	49	11	69.723	30	2403	5.91	1875	5.9993	5	2
Germanium	Ge	32	52	11	72.64	937	2830	5.32	1886	7.8994	10	2
Arsenic	As	33	55	11	74.9216	81	613	5.72	0	9.7886	10	2
Selenium	Se	34	58	11	78.96	217	685	4.79	1817	9.7524	7	2
Bromine	Br	35	61	11	79.904	-7	59	3.12	1826	11.8138	8	1
Krypton	Kr	36	64	11	83.8	-157	-153	3.75	1898	13.9996	9	0
Rubidium	Rb	37	13	13	85.4678	39	688	1.63	1861	4.1771	0	2
Strontium	Sr	38	16	13	87.62	769	1384	2.54	1790	5.6949	1	2
Yttrium	Y	39	19	13	88.9059	1523	3337	4.47	1794	6.2173	4	2
Zirconium	Zr	40	22	13	91.224	1852	4377	6.51	1789	6.6339	4	2
Niobium	Nb	41	25	13	92.9064	2468	4927	8.57	1801	6.7589	4	2
Molybdenum	Mo	42	28	13	95.94	2617	4612	10.22	1781	7.0924	4	2
Technetium	Tc	43	31	13	98	2200	4877	11.5	1937	7.28	4	3
Ruthenium	Ru	44	34	13	101.07	2250	3900	12.37	1844	7.3605	4	2
Rhodium	Rh	45	37	13	102.9055	1966	3727	12.41	1803	7.4589	4	2
Palladium	Pd	46	40	13	106.42	1552	2927	12.02	1803	8.3369	4	2
Silver	Ag	47	43	13	107.8682	962	2212	10.5	0	7.5762	4	2
Cadmium	Cd	48	46	13	112.411	321	765	8.65	1817	8.9938	4	2
Indium	In	49	49	13	114.818	157	2000	7.31	1863	5.7864	5	2
Tin	Sn	50	52	13	118.71	232	2270	7.31	0	7.3439	5	2
Antimony	Sb	51	55	13	121.76	630	1750	6.68	0	8.6084	10	2
Tellurium	Te	52	58	13	127.6	449	990	6.24	1783	9.0096	10	2
Iodine	I	53	61	13	126.9045	114	184	4.93	1811	10.4513	8	2
Xenon	Xe	54	64	13	131.293	-112	-108	5.9	1898	12.1298	9	0
Cesium	Cs	55	13	15	132.9055	29	678	1.87	1860	3.8939	0	1
Barium	Ba	56	16	15	137.327	725	1140	3.59	1808	5.2117	1	2
Lanthanum	La	57	19	15	138.9055	920	3469	6.15	1839	5.5769	4	2
Cerium	Ce	58	25	21	140.116	795	3257	6.77	1803	5.5387	2	2
Praseodymium	Pr	59	28	21	140.9077	935	3127	6.77	1885	5.473	2	2
Neodymium	Nd	60	31	21	144.24	1010	3127	7.01	1885	5.525	2	2
Promethium	Pm	61	34	21	145	1100	3000	7.3	1945	5.582	2	3
Samarium	Sm	62	37	21	150.36	1072	1900	7.52	1879	5.637	2	2
Europium	Eu	63	40	21	151.964	822	1597	5.24	1901	5.6704	2	2
Gadolinium	Gd	64	43	21	157.25	1311	3233	7.9	1880	6.1501	2	2
Terbium	Tb	65	46	21	158.9253	1360	3041	8.23	1843	5.8638	2	2
Dysprosium	Dy	66	49	21	162.5	1412	2562	8.55	1886	5.9389	2	2
Holmium	Ho	67	52	21	164.9303	1470	2720	8.8	1867	6.0215	2	2
Erbium	Er	68	55	21	167.259	1522	2510	9.07	1842	6.1077	2	2
Thulium	Tm	69	58	21	168.9342	1545	1727	9.32	1879	6.1843	2	2
Ytterbium	Yb	70	61	21	173.04	824	1466	6.9	1878	6.2542	2	2
Lutetium	Lu	71	64	21	174.967	1656	3315	9.84	1907	5.4259	2	2
Hafnium	Hf	72	22	15	178.49	2150	5400	13.31	1923	6.8251	4	2
Tantalum	Ta	73	25	15	180.9479	2996	5425	16.65	1802	7.5496	4	2
Tungsten	W	74	28	15	183.84	3410	5660	19.35	1783	7.864	4	2
Rhenium	Re	75	31	15	186.207	3180	5627	21.04	1925	7.8335	4	2
Osmium	Os	76	34	15	190.23	3045	5027	22.6	1803	8.4382	4	2
Iridium	Ir	77	37	15	192.217	2410	4527	22.4	1803	8.967	4	2
Platinum	Pt	78	40	15	195.078	1772	3827	21.45	1735	8.9587	4	2
Gold	Au	79	43	15	196.9665	1064	2807	19.32	0	9.2255	4	2
Mercury	Hg	80	46	15	200.59	-39	357	13.55	0	10.4375	4	1
Thallium	Tl	81	49	15	204.3833	303	1457	11.85	1861	6.1082	5	2
Lead	Pb	82	52	15	207.2	327	1740	11.35	0	7.4167	5	2
Bismuth	Bi	83	55	15	208.9804	271	1560	9.75	0	7.2856	5	2
Polonium	Po	84	58	15	209	254	962	9.3	1898	8.417	10	2
Astatine	At	85	61	15	210	302	337	0	1940	9.3	8	2
Radon	Rn	86	64	15	222	-71	-62	9.73	1900	10.7485	9	0
Francium	Fr	87	13	17	223	27	677	0	1939	4.0727	0	1
Radium	Ra	88	16	17	226	700	1737	5.5	1898	5.2784	1	2
Actinium	Ac	89	19	17	227	1050	3200	10.07	1899	5.17	4	2
Thorium	Th	90	25	23	232.0381	1750	4790	11.72	1829	6.3067	3	2
Protactinium	Pa	91	28	23	231.0359	1564	0	15.4	1913	5.89	3	2
Uranium	U	92	31	23	238.0289	1132	3818	18.95	1789	6.1941	3	2
Neptunium	Np	93	34	23	237	640	3902	20.2	1940	6.2657	3	3
Plutonium	Pu	94	37	23	244	640	3235	19.84	1940	6.0262	3	3
Americium	Am	95	40	23	243	994	2607	13.67	1944	5.9738	3	3
Curium	Cm	96	43	23	247	1340	0	13.5	1944	5.9915	3	3
Berkelium	Bk	97	46	23	247	986	0	14.78	1949	6.1979	3	3
Californium	Cf	98	49	23	251	900	0	15.1	1950	6.2817	3	3
Einsteinium	Es	99	52	23	252	860	0	0	1952	6.42	3	3
Fermium	Fm	100	55	23	257	1527	0	0	1952	6.5	3	3
Mendelevium	Md	101	58	23	258	0	0	0	1955	6.58	3	3
Nobelium	No	102	61	23	259	1827	0	0	1958	6.65	3	3
Lawrencium	Lr	103	64	23	262	1627	0	0	1961	4.9	3	3
Rutherfordium	Rf	104	22	17	261	0	0	0	1964	0	4	3
Dubnium	Db	105	25	17	262	0	0	0	1967	0	4	3
Seaborgium	Sg	106	28	17	263	0	0	0	1974	0	4	3
Bohrium	Bh	107	31	17	262	0	0	0	1981	0	4	3
Hassium	Hs	108	34	17	265	0	0	0	1984	0	4	3
Meitnerium	Mt	109	37	17	266	0	0	0	1982	0	4	3
Darmstadtium	Ds	110	40	17	281	0	0	0	1994	0	4	3
Roentgenium	Rg	111	43	17	272	0	0	0	1994	0	4	3
Copernicium	Cn	112	46	17	285	0	0	0	1996	0	4	3
Ununtrium	ut	113	49	17	284	0	0	0	2003	0	5	3
Flerovium	Fl	114	52	17	289	0	0	0	1999	0	5	3
Ununpentium	up	115	55	17	288	0	0	0	2003	0	5	3
Livermorium	Lv	116	58	17	292	0	0	0	2000	0	5	3
Ununseptium	us	117	61	17	0	0	0	0	2010	0	8	3
Ununoctium	uo	118	64	17	294	0	0	0	2002	0	9	3